 EC= 1.025759916225860E-02 QR= 2.989010154779594E+01 IN= 1.772446442149253E+00
 OM= 1.318291620845057E+02 W = 2.466860817788901E+02 Tp=  2463932.603476054035
 N = 5.938919458180449E-03 MA= 3.304067478723460E+02 TA= 3.298197403884710E+02
 A = 3.019987980963154E+01 AD= 3.050965807146713E+01 PR= 6.061708742389576E+04